-8.7750
-7.5500
-6.3250
-22.9932
-34.3218
-3.9074
19.5456
36.1565
20.5830
-2.6711
00.4015
10.7764
15.9724
13.6957
27.2670
29.7706
15.8683
27.1942
33.2665
20.2887
12.6976
23.0549
30.6879
33.4930
33.5941
17.5086
20.3793
09.1129
05.8592
25.9404
36.7454
51.4272
52.0000
53.8572
26.4090
25.3923
37.4643
37.5299
37.3149
36.7742
32.0831
57.4060
41.8558
45.3841
59.4935
54.7615
36.3801
23.9173
43.8227
64.1338
50.7271
32.1971
54.7249
73.3931
66.7306
58.8375
56.6668
56.6438
53.5573
62.0007
78.7382
90.9950
74.0270
68.5901
66.4263
72.8608
66.5084
77.3457
69.7224
65.7340
70.5230
73.2141
92.6208
73.7508
77.1280
84.2272
77.2824
86.3009
73.1894
73.8386
77.7602
77.4305
66.3086
86.9489
108.7841
103.9488
97.1219
104.3899
108.4940
103.2375
95.2912
99.3219
98.4944
101.6862
95.7118
104.9437
112.0191
114.7223
95.3553
108.0667
126.8198
122.8401
119.5350
98.4584
112.4775
138.6898
145.2980
125.1068
121.2655
131.5278
127.9160
120.1393
125.9440
139.8352
129.0839
138.5563
130.8429
123.5523
135.5539
155.9105
150.8981
139.9660
143.5588
147.4138
161.1986
160.4873
176.8815
168.5001
150.5506
142.9102
147.8235
141.6651
149.5945
173.1558
156.7875
148.3836
169.3027
170.0187
167.1225
158.0153
141.8816
144.1938
149.5153
152.7660
167.4897
177.2263
174.6119
177.7190
176.8948
158.9841
160.7247
166.1302
181.8450
199.0340
198.6885
185.6635
186.7771
179.6854
172.5607
190.8753
200.2742
203.3130
206.1559
201.0563
186.2522
196.7045
213.2347
186.4205
195.8449
217.7995
204.2502
202.9228
201.5757
202.2156
193.6153
207.1623
203.3779
206.2448
207.0821
204.6006
203.1440
222.4926
206.9203
206.4828
223.0771
232.7930
231.4286
226.6007
229.0635
228.2072
207.7571
229.2794
231.2362
216.2903
204.7044
219.3616
234.5975
252.0001
235.1367
221.2744